---
images/banner-large.jpg: 2018-11-04 09:41:21.753949095 -05:00
images/banner-xl2.jpg: 2018-11-04 09:41:21.960639694 -05:00
images/banner-small.jpg: 2018-11-04 09:41:22.088780116 -05:00
images/banner-med.jpg: 2018-11-04 09:41:22.242738597 -05:00
images/banner-xl.jpg: 2018-11-04 09:41:22.448652503 -05:00
