---
images/banner-large.jpg: 2018-11-04 10:10:40.285801580 -05:00
images/banner-xl2.jpg: 2018-11-04 10:10:40.287300844 -05:00
images/banner-small.jpg: 2018-11-04 10:10:40.286454875 -05:00
images/banner-med.jpg: 2018-11-04 10:10:40.286124003 -05:00
images/banner-xl.jpg: 2018-11-04 10:10:40.286809562 -05:00
